4.343113899230957031e-01
8.622856438159942627e-02
2.032571136951446533e-01
3.708569109439849854e-01
3.638742566108703613e-01
2.567536830902099609e-01
2.928886115550994873e-01
7.863095402717590332e-01
3.485307991504669189e-01
5.701329708099365234e-01
6.146064996719360352e-01
2.297316789627075195e-01
4.689666926860809326e-01
7.851387858390808105e-01
1.605801470577716827e-02
6.762202382087707520e-01
7.499035596847534180e-01
8.379792571067810059e-01
8.141931891441345215e-01
8.351787328720092773e-01
8.414513468742370605e-01
8.425971865653991699e-01
8.404242992401123047e-01
8.099353909492492676e-01
8.468527197837829590e-01
7.951831221580505371e-01
6.221140027046203613e-01
1.321091549471020699e-03
7.471578121185302734e-01
6.834957748651504517e-02
9.484653919935226440e-02
7.885128259658813477e-01
7.665904760360717773e-01
1.791214346885681152e-01
6.820248365402221680e-01
3.908111155033111572e-01
5.160207748413085938e-01
7.827093601226806641e-01
6.472595930099487305e-01
6.605225801467895508e-01
5.140926241874694824e-01
7.546265125274658203e-01
7.546265125274658203e-01
3.939221203327178955e-01
6.194609999656677246e-01
6.704517453908920288e-02
1.859652996063232422e-01
3.729856610298156738e-01
6.268541812896728516e-01
6.839722990989685059e-01
7.209521532058715820e-01
6.712918877601623535e-01
6.734576821327209473e-01
5.717493295669555664e-01
7.018117904663085938e-01
7.229082584381103516e-01
7.026139497756958008e-01
6.601119041442871094e-01
6.056551933288574219e-01
6.753073930740356445e-01
6.631717681884765625e-01
3.285871744155883789e-01
6.568440198898315430e-01
3.072599470615386963e-01
2.259657159447669983e-02
3.737662732601165771e-02
1.613257825374603271e-01
3.077717423439025879e-01
8.283662050962448120e-02
2.164638489484786987e-01
3.358848392963409424e-01
2.192090600728988647e-01
6.598148941993713379e-01
4.490755498409271240e-01
3.258338272571563721e-01
3.701069056987762451e-01
5.297186374664306641e-01
7.555495500564575195e-01
3.896586894989013672e-01
2.506184577941894531e-01
7.579405903816223145e-01
4.244706407189369202e-02
3.028849065303802490e-01
6.193231344223022461e-01
2.008429020643234253e-01
7.664709687232971191e-01
8.378465175628662109e-01
8.453682065010070801e-01
8.534237742424011230e-01
7.370364069938659668e-01
8.162112832069396973e-01
8.509654402732849121e-01
7.687359452247619629e-01
3.838798403739929199e-01
6.045528054237365723e-01
7.964577525854110718e-02
7.100857496261596680e-01
1.764106750488281250e-01
6.099447607994079590e-01
1.906164735555648804e-01
5.789369344711303711e-01
4.172652959823608398e-01
2.823620140552520752e-01
3.690773248672485352e-01
5.072231292724609375e-01
8.316462635993957520e-01
6.540279984474182129e-01
7.222379446029663086e-01
6.733514666557312012e-01
8.245499134063720703e-01
3.809291869401931763e-02
4.494505003094673157e-02
2.711156196892261505e-02
2.298303321003913879e-02
6.796054542064666748e-02
6.651123519986867905e-03
3.730822354555130005e-02
7.613686919212341309e-01
8.210821449756622314e-02
6.953984498977661133e-01
8.186104297637939453e-01
6.046245098114013672e-01
6.378211379051208496e-01
6.766457557678222656e-01
6.796718835830688477e-01
7.487069815397262573e-02
1.159532368183135986e-01
7.534702420234680176e-01
1.132242977619171143e-01
1.744787208735942841e-02
4.892471432685852051e-01
4.861607253551483154e-01
5.711105465888977051e-01
8.198628425598144531e-01
4.463351666927337646e-01
6.753438711166381836e-01
6.671357154846191406e-01
6.724408268928527832e-01
7.024642229080200195e-01
7.340004444122314453e-01
6.750214695930480957e-01
7.238407731056213379e-01
8.314844369888305664e-01
5.271409749984741211e-01
3.211829960346221924e-01
6.611552834510803223e-01
3.265981972217559814e-01
6.096681356430053711e-01
2.810402810573577881e-01
8.033586144447326660e-01
2.221678644418716431e-01
2.109158635139465332e-01
7.719436287879943848e-01
5.970958471298217773e-01
6.705517768859863281e-01
2.551073729991912842e-01
6.328607797622680664e-01
7.012819498777389526e-02
5.768025517463684082e-01
7.472538352012634277e-01
7.534565925598144531e-01
4.383717775344848633e-01
5.615141987800598145e-01
3.142501413822174072e-01
3.875621557235717773e-01
6.400886774063110352e-01
4.198620915412902832e-01
7.996256351470947266e-01
8.017541170120239258e-01
4.826675653457641602e-01
3.286460638046264648e-01
7.746238708496093750e-01
5.233961939811706543e-01
5.913869142532348633e-01
6.203363537788391113e-01
2.140100449323654175e-01
5.094696283340454102e-01
7.689512372016906738e-01
5.686264634132385254e-01
3.114153444766998291e-01
4.940321147441864014e-01
2.119847536087036133e-01
7.598075866699218750e-01
7.848796248435974121e-01
5.776813626289367676e-01
4.653809964656829834e-01
3.954358994960784912e-01
4.612546265125274658e-01
5.480970144271850586e-01
7.693505883216857910e-01
7.443351745605468750e-01
5.649033784866333008e-01
5.145760774612426758e-01
4.821426868438720703e-01
6.811192035675048828e-01
2.717749476432800293e-01
4.003597199916839600e-01
2.023644000291824341e-01
1.948041319847106934e-01
4.434824883937835693e-01
8.161395788192749023e-01
5.989298820495605469e-01
8.084501624107360840e-01
6.913045048713684082e-01
8.341352343559265137e-01
8.341352343559265137e-01
5.989298820495605469e-01
8.312705755233764648e-01
8.171618580818176270e-01
1.681680679321289062e-01
2.771457135677337646e-01
8.437682390213012695e-01
8.159178495407104492e-01
3.527715504169464111e-01
1.099437996745109558e-01
3.894475474953651428e-02
1.517122890800237656e-02
7.812035083770751953e-01
8.113011717796325684e-01
4.359256029129028320e-01
7.989023923873901367e-01
7.610991001129150391e-01
7.646245956420898438e-01
7.799066901206970215e-01
8.135128021240234375e-01
7.332447171211242676e-01
1.260271966457366943e-01
8.238428831100463867e-02
1.871480196714401245e-01
6.815991997718811035e-01
8.202888965606689453e-01
1.870602136477828026e-04
6.176237463951110840e-01
6.334480047225952148e-01
6.211422681808471680e-01
6.814696788787841797e-01
7.876133322715759277e-01
4.966362714767456055e-01
5.604889988899230957e-01
6.938415765762329102e-01
7.392585277557373047e-01
2.244720906019210815e-01
7.138506770133972168e-01
2.158395349979400635e-01
1.601056307554244995e-01
2.111552804708480835e-01
2.099839150905609131e-01
7.809110879898071289e-01
7.611218690872192383e-01
2.668376266956329346e-01
2.199900150299072266e-01
6.212813258171081543e-01
9.263104200363159180e-01
9.188144803047180176e-01
8.988343477249145508e-01
9.312335848808288574e-01
9.323425889015197754e-01
9.328282475471496582e-01
9.177304506301879883e-01
7.854510545730590820e-01
2.426294982433319092e-01
1.347155123949050903e-02
3.486402034759521484e-01
3.040335178375244141e-01
7.475166115909814835e-03
2.326853200793266296e-02
5.482344627380371094e-01
2.196267396211624146e-01
3.643463253974914551e-01
6.377698183059692383e-01
5.777366161346435547e-01
3.678942322731018066e-01
3.003400862216949463e-01
5.498437285423278809e-01
2.092639058828353882e-01
6.683859825134277344e-01
7.216190695762634277e-01
4.176653027534484863e-01
8.765517175197601318e-02
5.020893812179565430e-01
6.768834590911865234e-01
6.321223825216293335e-02
5.706137791275978088e-02
6.411540508270263672e-01
1.088557206094264984e-02
5.401821732521057129e-01
7.907851934432983398e-01
6.518612504005432129e-01
3.297930955886840820e-01
8.288515210151672363e-01
8.358777165412902832e-01
8.043004870414733887e-01
8.458844423294067383e-01
5.363368988037109375e-01
4.550312459468841553e-02
7.677654922008514404e-02
3.052335977554321289e-01
2.412457764148712158e-01
1.915643811225891113e-01
7.362156510353088379e-01
1.372208744287490845e-01
3.229336068034172058e-02
6.417541503906250000e-01
2.609226703643798828e-01
6.691781878471374512e-01
4.821178615093231201e-01
5.004928708076477051e-01
6.945222616195678711e-01
7.674381136894226074e-01
8.260381817817687988e-01
7.796498537063598633e-01
1.772022545337677002e-01
2.289375811815261841e-01
6.471846103668212891e-01
1.430599689483642578e-01
3.470011055469512939e-01
5.068511962890625000e-01
3.006149530410766602e-01
7.095515727996826172e-01
7.231312394142150879e-01
6.953115463256835938e-01
7.435166239738464355e-01
6.759482026100158691e-01
6.774290204048156738e-01
7.226610779762268066e-01
1.650452017784118652e-01
6.940446496009826660e-01
4.508130997419357300e-02
6.115707755088806152e-01
2.109603136777877808e-01
1.321275252848863602e-02
2.410121709108352661e-01
4.672362506389617920e-01
5.269771218299865723e-01
5.625247955322265625e-02
2.333349287509918213e-01
5.214491486549377441e-01
7.088259458541870117e-01
6.734012365341186523e-01
6.360166668891906738e-01
7.260868549346923828e-01
4.481400847434997559e-01
6.816232204437255859e-01
6.577212214469909668e-01
7.260868549346923828e-01
5.317347589880228043e-03
3.292993605136871338e-01
6.054567098617553711e-01
6.493846178054809570e-01
7.776870727539062500e-01
7.909724712371826172e-01
3.678164780139923096e-01
7.288500070571899414e-01
6.445664167404174805e-01
8.203459382057189941e-01
8.065853118896484375e-01
6.809179186820983887e-01
7.976250052452087402e-01
4.643772840499877930e-01
8.306741714477539062e-01
7.553008198738098145e-01
8.127708435058593750e-01
2.347484529018402100e-01
3.066601157188415527e-01
2.015595734119415283e-01
5.648986622691154480e-02
2.713528871536254883e-01
4.163983166217803955e-01
2.998525500297546387e-01
1.859545707702636719e-01
5.110070705413818359e-01
8.513113856315612793e-01
8.505581021308898926e-01
8.274043202400207520e-01
8.334699273109436035e-01
7.775184512138366699e-01
8.493804335594177246e-01
1.073300018906593323e-01
3.587515652179718018e-01
2.310427576303482056e-01
6.251087188720703125e-01
1.571085304021835327e-01
1.493174284696578979e-01
8.016393184661865234e-01
2.355606257915496826e-01
5.753310322761535645e-01
8.342140316963195801e-01
8.252912163734436035e-01
7.119608521461486816e-01
7.022083997726440430e-01
8.023672103881835938e-01
3.111263513565063477e-01
7.110590934753417969e-01
7.728101015090942383e-01
3.211755156517028809e-01
2.611453533172607422e-01
7.241566181182861328e-01
2.506230175495147705e-01
2.617645263671875000e-01
6.500396728515625000e-01
7.002841234207153320e-01
6.575081944465637207e-01
2.498754262924194336e-01
7.751172780990600586e-01
2.385773360729217529e-01
3.635682761669158936e-01
7.248151898384094238e-01
5.465926527976989746e-01
8.557875752449035645e-01
8.427516222000122070e-01
1.891589164733886719e-01
1.326657235622406006e-01
2.836745083332061768e-01
1.741531044244766235e-01
5.507999062538146973e-01
4.990482628345489502e-01
2.449801750481128693e-02
8.886516094207763672e-01
8.653466105461120605e-01
8.744775056838989258e-01
4.412451088428497314e-01
8.854314684867858887e-01
8.795512914657592773e-01
8.766261339187622070e-01
8.905797004699707031e-01
1.196327731013298035e-01
8.867838382720947266e-01
2.168218344449996948e-01
1.121282875537872314e-01
5.348149538040161133e-01
1.090404093265533447e-01
1.036410033702850342e-01
2.603700160980224609e-01
8.070864528417587280e-02
1.304650008678436279e-01
4.281724244356155396e-02
4.937599301338195801e-01
1.399044506251811981e-02
3.728606179356575012e-02
2.043698169291019440e-02
6.936348229646682739e-02
3.728606179356575012e-02
1.271908730268478394e-01
7.196095585823059082e-01
6.553897261619567871e-01
4.234945178031921387e-01
3.695395886898040771e-01
6.001806855201721191e-01
3.264926075935363770e-01
6.722532510757446289e-01
6.628435850143432617e-01
6.589636802673339844e-01
5.990339517593383789e-01
6.252214908599853516e-01
6.252214908599853516e-01
6.083019971847534180e-01
7.447616457939147949e-01
7.050699591636657715e-01
6.127851009368896484e-01
4.858155250549316406e-01
6.447597742080688477e-01
4.718820750713348389e-01
4.196009337902069092e-01
1.302970647811889648e-01
8.005248010158538818e-02
8.214586377143859863e-01
8.255182504653930664e-01
8.491728305816650391e-01
7.735812664031982422e-01
8.461819887161254883e-01
7.545133233070373535e-01
8.252034187316894531e-01
8.502048850059509277e-01
8.119935393333435059e-01
7.277026176452636719e-01
4.028494656085968018e-01
1.619228571653366089e-01
3.093452453613281250e-01
4.325231313705444336e-01
7.111617326736450195e-01
5.302320718765258789e-01
1.087443158030509949e-01
4.991570711135864258e-01
8.418069481849670410e-01
8.566114902496337891e-01
8.459824323654174805e-01
8.159688711166381836e-01
8.219337463378906250e-01
8.024275898933410645e-01
4.666823744773864746e-01
7.330207228660583496e-01
7.482653856277465820e-01
3.404348194599151611e-01
4.549469351768493652e-01
5.714705586433410645e-01
1.458034962415695190e-01
7.871506214141845703e-01
6.928157061338424683e-02
7.927829027175903320e-01
9.243045747280120850e-02
8.168051838874816895e-01
4.768605232238769531e-01
7.521981000900268555e-01
8.095529079437255859e-01
8.344891667366027832e-01
8.310028314590454102e-01
5.542600154876708984e-01
4.529117047786712646e-01
3.766677677631378174e-01
1.993613243103027344e-01
2.259410470724105835e-01
2.482566535472869873e-01
3.242599368095397949e-01
7.136595845222473145e-01
7.101959586143493652e-01
7.796057462692260742e-01
6.979280114173889160e-01
6.758285164833068848e-01
7.771549224853515625e-01
7.242196202278137207e-01
6.905871629714965820e-01
4.342946410179138184e-01
7.628711462020874023e-01
4.914748072624206543e-01
5.845612287521362305e-01
4.856732189655303955e-01
6.659353375434875488e-01
7.059185504913330078e-01
8.003947138786315918e-01
7.644976377487182617e-01
8.370954394340515137e-01
8.440918922424316406e-01
3.706840872764587402e-01
8.522065281867980957e-01
8.448684811592102051e-01
7.604092955589294434e-01
7.780017852783203125e-01
4.640236198902130127e-01
4.446280002593994141e-01
4.843119382858276367e-01
6.150060296058654785e-01
1.780854165554046631e-01
2.677227556705474854e-01
1.800425499677658081e-01
3.516571521759033203e-01
5.432333946228027344e-01
7.683529257774353027e-01
7.746058702468872070e-01
6.625939607620239258e-01
6.227439641952514648e-01
5.137364268302917480e-01
7.480514049530029297e-01
6.198037862777709961e-01
7.916178107261657715e-01
6.917557716369628906e-01
5.299810171127319336e-01
6.848505139350891113e-01
7.920121550559997559e-01
6.583258509635925293e-01
6.899632811546325684e-01
4.698807299137115479e-01
7.327792048454284668e-01
6.873301863670349121e-01
3.212865889072418213e-01
8.409055471420288086e-01
8.345352411270141602e-01
8.586441278457641602e-01
8.414345979690551758e-01
4.734178483486175537e-01
3.825311958789825439e-01
9.023562669754028320e-01
2.166112139821052551e-02
1.049870401620864868e-01
2.308034300804138184e-01
2.572308182716369629e-01
2.039207667112350464e-01
1.262088119983673096e-01
3.857522830367088318e-02
6.860347986221313477e-01
7.281713485717773438e-01
6.768929958343505859e-01
6.410027146339416504e-01
7.142336964607238770e-01
2.964513003826141357e-02
5.892191529273986816e-01
1.051382869482040405e-01
2.362653464078903198e-01
6.415145993232727051e-01
2.978407144546508789e-01
2.633248269557952881e-01
2.985462248325347900e-01
6.074447631835937500e-01
6.937726736068725586e-01
9.543591737747192383e-02
6.784492135047912598e-01
7.299919724464416504e-01
6.951614618301391602e-01
6.295952796936035156e-01
7.369273900985717773e-01
6.769862174987792969e-01
2.991830110549926758e-01
3.492622077465057373e-01
5.793986096978187561e-02
4.726604223251342773e-01
2.938520014286041260e-01
2.763372957706451416e-01
3.125638887286186218e-02
5.530760288238525391e-01
6.655922532081604004e-01
7.129414677619934082e-01
7.986010313034057617e-01
7.998001575469970703e-01
8.109648823738098145e-01
8.492853641510009766e-01
5.494395494461059570e-01
2.900434732437133789e-01
3.174657374620437622e-02
4.643376469612121582e-01
7.894972562789916992e-01
7.646974176168441772e-03
9.297254681587219238e-02
7.224340438842773438e-01
3.835771605372428894e-02
8.729034066200256348e-01
9.042876362800598145e-01
8.886974453926086426e-01
1.057132147252559662e-02
5.562536120414733887e-01
4.414907991886138916e-01
2.068059742450714111e-01
8.919467926025390625e-01
7.249118294566869736e-03
2.780907787382602692e-03
5.097681656479835510e-02
4.965105280280113220e-02
3.022770956158638000e-02
2.147531509399414062e-02
7.887234091758728027e-01
8.067528605461120605e-01
7.092640399932861328e-01
3.190417289733886719e-01
8.298944830894470215e-01
7.748723030090332031e-01
4.899514615535736084e-01
1.970179826021194458e-01
4.266049712896347046e-02
5.308533906936645508e-01
3.560530245304107666e-01
7.051505446434020996e-01
8.933998346328735352e-01
8.955553770065307617e-01
8.826597929000854492e-01
8.762134909629821777e-01
8.919621706008911133e-01
8.583935499191284180e-01
8.822051286697387695e-01
8.576085567474365234e-01
6.987316012382507324e-01
5.406332761049270630e-02
3.688596189022064209e-02
2.225522398948669434e-01
1.193667110055685043e-02
7.636545896530151367e-01
3.257718980312347412e-01
2.602454721927642822e-01
1.748082190752029419e-01
6.196811795234680176e-01
8.646338433027267456e-02
1.830762028694152832e-01
2.812054008245468140e-02
2.363135218620300293e-01
6.025794744491577148e-01
4.186098277568817139e-01
1.866457164287567139e-01
5.705886334180831909e-02
1.611365675926208496e-01
4.977228865027427673e-02
6.881747245788574219e-01
4.574542641639709473e-01
6.242683529853820801e-01
6.915220990777015686e-03
6.971501111984252930e-01
6.197631955146789551e-01
5.138559937477111816e-01
8.434633016586303711e-01
6.863666176795959473e-01
7.695661187171936035e-01
7.450189590454101562e-01
8.149055242538452148e-01
8.168097138404846191e-01
2.027776837348937988e-01
6.190877556800842285e-01
4.884521067142486572e-01
6.753428578376770020e-01
4.591946303844451904e-01
8.299839496612548828e-01
1.271453946828842163e-01
8.200840950012207031e-01
8.209061622619628906e-01
5.164004564285278320e-01
4.363910853862762451e-01
2.037849575281143188e-01
2.926385402679443359e-01
8.342268466949462891e-01
3.689325451850891113e-01
2.929402887821197510e-01
2.437010109424591064e-01
3.077625036239624023e-01
2.728254497051239014e-01
7.309744358062744141e-01
7.800225913524627686e-02
1.719281375408172607e-01
2.050024420022964478e-01
1.001454070210456848e-01
6.272004842758178711e-01
2.960319519042968750e-01
2.980323322117328644e-02
8.148612380027770996e-01
3.429095149040222168e-01
8.114399909973144531e-01
8.338100910186767578e-01
2.627068161964416504e-01
7.640051245689392090e-01
7.088592648506164551e-01
5.092994570732116699e-01
8.405634164810180664e-01
2.581320703029632568e-01
3.383030593395233154e-01
3.906607031822204590e-01
8.374243378639221191e-01
1.550925076007843018e-01
1.248292699456214905e-01
6.983372569084167480e-02
1.402035206556320190e-01
4.252268671989440918e-01
9.170828461647033691e-01
9.017246365547180176e-01
9.086880087852478027e-01
9.081360697746276855e-01
9.172771573066711426e-01
9.244049787521362305e-01
9.223693609237670898e-01
6.828995347023010254e-01
7.689552903175354004e-01
8.928470611572265625e-01
4.473832249641418457e-02
2.281703948974609375e-01
3.545471653342247009e-02
1.551885455846786499e-01
1.023311167955398560e-02
3.680620491504669189e-01
4.375489801168441772e-02
6.913791298866271973e-01
8.256236314773559570e-01
8.191206455230712891e-01
6.453549265861511230e-01
3.089300096035003662e-01
8.119344711303710938e-01
3.788176476955413818e-01
7.491207122802734375e-01
2.665999718010425568e-02
8.786625415086746216e-02
9.594583883881568909e-03
6.901066899299621582e-01
2.111166119575500488e-01
6.921737194061279297e-01
7.792642116546630859e-01
8.166235089302062988e-01
7.758530974388122559e-01
7.398088574409484863e-01
8.483393192291259766e-01
8.187210559844970703e-01
5.596947073936462402e-01
7.775621414184570312e-01
7.763671278953552246e-01
1.147561222314834595e-01
3.053987212479114532e-02
9.969643503427505493e-02
1.524081230163574219e-01
1.073984242975711823e-02
2.333946973085403442e-01
7.861488312482833862e-02
8.031173944473266602e-01
7.514207959175109863e-01
4.319952428340911865e-01
8.130473494529724121e-01
7.947368025779724121e-01
6.446654796600341797e-01
6.054823398590087891e-01
7.835423350334167480e-01
2.982789576053619385e-01
2.696097269654273987e-02
4.596734344959259033e-01
5.553449988365173340e-01
7.032318711280822754e-01
1.754864752292633057e-01
1.738989502191543579e-01
4.612532630562782288e-02
5.500912666320800781e-01
6.703040599822998047e-01
7.143353223800659180e-01
5.530042052268981934e-01
4.089187681674957275e-01
5.314266085624694824e-01
4.089187681674957275e-01
6.405534744262695312e-01
5.142319202423095703e-01
4.902281761169433594e-01
4.715060889720916748e-01
5.367869138717651367e-01
4.879366457462310791e-01
6.514184474945068359e-01
3.309736549854278564e-01
3.512882888317108154e-01
5.627077817916870117e-01
8.754487633705139160e-01
8.520907759666442871e-01
8.690366148948669434e-01
8.607165217399597168e-01
8.577356338500976562e-01
8.007752895355224609e-01
8.676908612251281738e-01
8.327248096466064453e-01
2.295560985803604126e-01
4.232839047908782959e-01
1.075748428702354431e-01
9.151950478553771973e-02
3.785677850246429443e-01
5.722635239362716675e-02
6.247137784957885742e-01
5.519744474440813065e-03
6.936820149421691895e-01
2.448996305465698242e-01
7.696505188941955566e-01
5.546898767352104187e-02
3.499572873115539551e-01
7.623986005783081055e-01
7.141755819320678711e-01
7.572729587554931641e-01
3.119904696941375732e-01
4.421730339527130127e-01
8.040357828140258789e-01
3.934138715267181396e-01
3.371332287788391113e-01
1.023340523242950439e-01
7.134842276573181152e-01
8.260087370872497559e-01
8.383888006210327148e-01
2.798908352851867676e-01
7.840170860290527344e-01
5.966464281082153320e-01
8.196289539337158203e-01
8.049289584159851074e-01
5.551270246505737305e-01
2.126388549804687500e-01
7.285086065530776978e-02
1.191571727395057678e-01
8.361945748329162598e-01
3.418191522359848022e-02
2.030729651451110840e-01
1.176862195134162903e-01
4.437363706529140472e-03
7.238536477088928223e-01
7.694699168205261230e-01
7.684857249259948730e-01
7.905820608139038086e-01
7.355648875236511230e-01
7.633470296859741211e-01
5.848600268363952637e-01
7.741095423698425293e-01
7.591529488563537598e-01
7.128468155860900879e-01
2.697688639163970947e-01
2.103518545627593994e-01
3.133300542831420898e-01
7.171006798744201660e-01
5.686614513397216797e-01
3.353856205940246582e-01
8.046398162841796875e-01
7.346757054328918457e-01
8.044320940971374512e-01
8.195472955703735352e-01
7.954590916633605957e-01
8.244523406028747559e-01
7.710057497024536133e-01
8.261810541152954102e-01
8.109317421913146973e-01
3.124440610408782959e-01
2.843056917190551758e-01
7.526704072952270508e-01
2.535190284252166748e-01
1.844563782215118408e-01
3.301528692245483398e-01
2.190507948398590088e-02
1.471843756735324860e-02
4.691681861877441406e-01
5.866705775260925293e-01
6.162497401237487793e-01
6.299711465835571289e-01
7.050220966339111328e-01
5.844521522521972656e-01
6.819260120391845703e-01
6.232599616050720215e-01
4.198852479457855225e-01
3.568488061428070068e-01
5.784742832183837891e-01
3.176492452621459961e-01
4.464771747589111328e-01
2.698688209056854248e-01
2.036544680595397949e-01
6.295180320739746094e-01
6.062161922454833984e-01
5.860661864280700684e-01
6.970102787017822266e-01
6.337153911590576172e-01
6.474630832672119141e-01
6.054727435111999512e-01
6.977103352546691895e-01
6.688238978385925293e-01
7.602227926254272461e-01
5.493358373641967773e-01
1.811148822307586670e-01
1.983657926321029663e-01
1.805182546377182007e-01
7.993078231811523438e-02
6.170106530189514160e-01
7.573786973953247070e-01
3.860408663749694824e-01
8.679431676864624023e-01
8.450940251350402832e-01
8.591654300689697266e-01
7.590945810079574585e-02
8.965658545494079590e-01
8.863203525543212891e-01
8.484098315238952637e-01
8.932052850723266602e-01
8.222526311874389648e-01
5.159996449947357178e-02
5.319867655634880066e-02
9.014981240034103394e-02
2.067232131958007812e-02
8.294458985328674316e-01
2.163666486740112305e-02
6.299361586570739746e-02
3.044717311859130859e-01
8.696863055229187012e-01
6.521640419960021973e-01
8.284231424331665039e-01
8.431356549263000488e-01
8.881153464317321777e-01
4.374096393585205078e-01
2.793981730937957764e-01
1.766752600669860840e-01
4.310235977172851562e-01
1.944170147180557251e-01
2.333025485277175903e-01
3.602377772331237793e-01
8.409957289695739746e-01
3.583853319287300110e-02
7.573092579841613770e-01
8.378658890724182129e-01
8.224654197692871094e-01
4.644922912120819092e-01
7.602299451828002930e-01
7.990638017654418945e-01
8.180139660835266113e-01
7.676725387573242188e-01
4.155395925045013428e-01
5.299848914146423340e-01
8.152486681938171387e-01
6.795836091041564941e-01
2.650457322597503662e-01
3.763386011123657227e-01
2.512698471546173096e-01
1.323885768651962280e-01
1.429851949214935303e-01
1.839378178119659424e-01
2.981478869915008545e-01
2.090086489915847778e-01
8.532891273498535156e-01
5.399842858314514160e-01
1.738049536943435669e-01
5.369384959340095520e-02
7.852565050125122070e-01
4.636224210262298584e-01
6.323186159133911133e-01
7.168701887130737305e-01
2.572284080088138580e-02
3.455258905887603760e-01
1.028406247496604919e-01
1.593602299690246582e-01
2.238282412290573120e-01
5.787265896797180176e-01
6.148763746023178101e-02
1.713187396526336670e-01
8.840020298957824707e-01
8.201018571853637695e-01
8.268174529075622559e-01
8.615462779998779297e-01
8.499966263771057129e-01
8.735990524291992188e-01
8.484649062156677246e-01
3.270819485187530518e-01
1.874541789293289185e-01
4.953825846314430237e-02
8.755510449409484863e-01
2.163306325674057007e-01
3.127793371677398682e-01
8.400183320045471191e-01
1.837759613990783691e-01
1.247626021504402161e-01
6.948266625404357910e-01
6.413727998733520508e-01
2.430245578289031982e-01
6.809040904045104980e-01
6.239868402481079102e-01
7.147164344787597656e-01
7.260721921920776367e-01
6.692096590995788574e-01
5.629525780677795410e-01
4.207508862018585205e-01
6.334174275398254395e-01
1.020353734493255615e-01
6.791014075279235840e-01
6.510524749755859375e-01
6.117455363273620605e-01
4.066661000251770020e-01
3.878999650478363037e-01
6.005320549011230469e-01
3.648647367954254150e-01
4.256689250469207764e-01
3.174087703227996826e-01
3.166091740131378174e-01
4.722737669944763184e-01
2.318675518035888672e-01
2.063051015138626099e-01
7.594323158264160156e-02
5.968534350395202637e-01
4.576183855533599854e-01
6.401873826980590820e-01
6.905297935009002686e-02
6.766245365142822266e-01
8.675517141819000244e-02
7.246588915586471558e-02
8.828281760215759277e-01
9.299697279930114746e-01
8.952369093894958496e-01
9.049065113067626953e-01
8.817107081413269043e-01
9.175991415977478027e-01
2.398145049810409546e-01
1.157742831856012344e-02
2.765361033380031586e-02
5.462992787361145020e-01
1.561685744673013687e-02
1.233351528644561768e-01
9.796977043151855469e-02
1.003027632832527161e-01
3.463743999600410461e-02
2.493136078119277954e-01
5.937425494194030762e-01
5.983567833900451660e-01
3.450585305690765381e-01
2.992880344390869141e-01
6.742495298385620117e-01
4.777769446372985840e-01
6.356603503227233887e-01
7.638337016105651855e-01
1.562061160802841187e-01
6.292658448219299316e-01
4.166051372885704041e-02
7.078739404678344727e-01
4.695562720298767090e-01
3.363799452781677246e-01
2.227553427219390869e-01
2.164955884218215942e-01
9.025787115097045898e-01
8.521452546119689941e-01
9.032819867134094238e-01
8.945413231849670410e-01
9.037513136863708496e-01
8.848997354507446289e-01
8.402606844902038574e-01
8.778337240219116211e-01
5.097733344882726669e-03
8.873850703239440918e-01
1.361938775517046452e-03
1.660963520407676697e-02
1.337083242833614349e-02
5.509584676474332809e-03
1.401079446077346802e-01
7.435708492994308472e-02
8.027476072311401367e-01
7.960553169250488281e-01
8.117790222167968750e-01
8.321980834007263184e-01
3.097670972347259521e-01
8.031062483787536621e-01
8.378053307533264160e-01
6.612803339958190918e-01
7.900552749633789062e-01
6.924020051956176758e-01
5.015603899955749512e-01
4.186772704124450684e-01
5.941038727760314941e-01
4.921968877315521240e-01
2.061695558950304985e-03
7.957341074943542480e-01
2.569230496883392334e-01
8.803520798683166504e-01
8.859809041023254395e-01
8.703438639640808105e-01
8.905119299888610840e-01
8.884265422821044922e-01
8.778630495071411133e-01
8.827241659164428711e-01
8.743831515312194824e-01
8.710936903953552246e-01
2.262042760848999023e-01
1.461298912763595581e-01
5.895602703094482422e-01
9.548030793666839600e-02
9.009443968534469604e-02
3.077346086502075195e-02
7.499713450670242310e-02
1.662904322147369385e-01
4.795823097229003906e-01
7.459049820899963379e-01
7.285448312759399414e-01
6.941863894462585449e-01
7.035277485847473145e-01
5.124825239181518555e-01
4.473892152309417725e-01
7.191854715347290039e-01
7.065985798835754395e-01
7.164846658706665039e-01
4.875507950782775879e-01
3.222159743309020996e-01
3.888639211654663086e-01
3.664724230766296387e-01
7.155824899673461914e-01
6.879686117172241211e-01
2.936845123767852783e-01
5.674588680267333984e-01
6.971651911735534668e-01
7.177862524986267090e-01
5.859553813934326172e-01
7.132899165153503418e-01
6.038178205490112305e-01
7.310883998870849609e-01
7.665527462959289551e-01
7.286881804466247559e-01
8.853709697723388672e-02
7.128774523735046387e-01
7.642689347267150879e-01
5.676440596580505371e-01
6.237413734197616577e-02
2.763051092624664307e-01
4.294937849044799805e-01
2.982584238052368164e-01
2.990976572036743164e-01
2.806475460529327393e-01
5.933781862258911133e-01
7.494919300079345703e-01
2.423710078001022339e-01
1.545298248529434204e-01
3.636896014213562012e-01
2.982584238052368164e-01
7.228136658668518066e-01
6.509991288185119629e-01
8.076367378234863281e-01
7.211913466453552246e-01
4.684217870235443115e-01
3.546008765697479248e-01
7.144529223442077637e-01
5.841285586357116699e-01
5.935606956481933594e-01
3.818524479866027832e-01
7.284786701202392578e-01
6.866474747657775879e-01
6.258605718612670898e-01
7.285541892051696777e-01
6.403623223304748535e-01
5.858161449432373047e-01
4.139195084571838379e-01
5.957388877868652344e-01
4.198139309883117676e-01
4.676012694835662842e-01
2.480358481407165527e-01
7.346557378768920898e-01
2.903222739696502686e-01
4.479916095733642578e-01
8.432469367980957031e-01
8.371378183364868164e-01
8.686673641204833984e-01
8.550814390182495117e-01
8.491773605346679688e-01
8.643882870674133301e-01
8.565045893192291260e-02
7.992600798606872559e-01
1.162123382091522217e-01
8.615934252738952637e-01
9.239855408668518066e-01
9.110565781593322754e-01
9.130697250366210938e-01
9.136986732482910156e-01
9.219794869422912598e-01
9.056247472763061523e-01
9.109358787536621094e-01
9.015881419181823730e-01
7.120950520038604736e-02
2.315369062125682831e-02
3.848956897854804993e-02
4.167552106082439423e-03
1.157945618033409119e-01
5.743269249796867371e-02
9.072854518890380859e-01
3.827746957540512085e-02
9.200965762138366699e-01
8.965754508972167969e-01
9.019289016723632812e-01
9.033288359642028809e-01
8.683850169181823730e-01
8.926015496253967285e-01
8.970851302146911621e-01
8.894006609916687012e-01
9.065516591072082520e-01
6.912596225738525391e-01
2.099010860547423363e-03
3.789985924959182739e-02
6.480323523283004761e-02
1.968599110841751099e-02
3.574421629309654236e-02
8.901292085647583008e-02
1.130463089793920517e-02
8.312218785285949707e-01
8.780162930488586426e-01
2.539491951465606689e-01
8.555583953857421875e-01
9.117885828018188477e-01
9.182764887809753418e-01
8.960157632827758789e-01
9.091851711273193359e-01
9.132484197616577148e-01
4.594032466411590576e-02
4.412484995555132627e-04
2.790898829698562622e-02
1.196542307734489441e-01
3.486264869570732117e-02
2.621127851307392120e-02
6.184264272451400757e-02
3.016503341495990753e-02
8.259077668190002441e-01
8.126338720321655273e-01
7.237732410430908203e-01
8.226617574691772461e-01
8.261910676956176758e-01
8.154936432838439941e-01
6.635193824768066406e-01
3.254551589488983154e-01
2.292998433113098145e-01
1.643749698996543884e-02
2.168230712413787842e-01
7.513153553009033203e-01
2.921900153160095215e-01
6.757205724716186523e-01
7.032629847526550293e-01
5.601271986961364746e-01
6.834753155708312988e-01
5.115826129913330078e-01
5.960547924041748047e-01
7.029868364334106445e-01
7.031738162040710449e-01
6.440578699111938477e-01
6.571253538131713867e-01
5.010360479354858398e-01
3.943822383880615234e-01
7.018849998712539673e-02
5.128618478775024414e-01
3.028428852558135986e-01
5.543683171272277832e-01
3.404227495193481445e-01
8.243879079818725586e-01
8.451685309410095215e-01
8.227171301841735840e-01
8.079141378402709961e-01
7.880581617355346680e-01
6.576900482177734375e-01
3.619731962680816650e-01
8.588717579841613770e-01
1.083445399999618530e-01
8.036798238754272461e-01
2.848083078861236572e-01
2.438038289546966553e-01
2.431326061487197876e-01
3.450139164924621582e-01
5.639660954475402832e-01
4.210111796855926514e-01
7.958936691284179688e-01
8.317047953605651855e-01
8.440692424774169922e-01
7.690719962120056152e-01
6.281924247741699219e-01
8.442997932434082031e-01
2.378836721181869507e-01
8.616644740104675293e-01
6.724764108657836914e-01
2.631117701530456543e-01
6.839743256568908691e-02
1.517539173364639282e-01
2.059801109135150909e-02
2.452636659145355225e-01
2.131715603172779083e-02
3.423218429088592529e-01
7.982836961746215820e-01
7.204248309135437012e-01
5.840117931365966797e-01
8.130578994750976562e-01
7.876312136650085449e-01
7.743257284164428711e-01
6.569139361381530762e-01
7.888885140419006348e-01
7.993865609169006348e-01
6.642031669616699219e-01
5.209352970123291016e-01
7.664893269538879395e-01
1.969429999589920044e-01
1.874011904001235962e-01
1.186652202159166336e-02
3.371878564357757568e-01
5.439305305480957031e-01
7.630789875984191895e-01
6.146073341369628906e-01
7.115615010261535645e-01
7.087727189064025879e-01
4.092155098915100098e-01
5.743473172187805176e-01
1.293451786041259766e-01
1.539603173732757568e-01
4.825675189495086670e-01
2.623598277568817139e-01
5.221831798553466797e-01
4.089156389236450195e-01
5.839411616325378418e-01
7.007409930229187012e-01
7.691011428833007812e-01
8.447627425193786621e-01
8.084066510200500488e-01
8.347848057746887207e-01
8.145456910133361816e-01
8.303632140159606934e-01
8.076460957527160645e-01
7.929651141166687012e-01
8.076460957527160645e-01
8.341141939163208008e-01
2.253744602203369141e-01
8.277474641799926758e-01
8.335998058319091797e-01
6.133993864059448242e-01
1.754228621721267700e-01
1.002620439976453781e-02
5.355712771415710449e-01
7.139454483985900879e-01
8.782880306243896484e-01
8.585073947906494141e-01
8.408427238464355469e-01
7.422655820846557617e-01
8.574431538581848145e-01
7.447646260261535645e-01
8.433173298835754395e-01
4.543130695819854736e-01
8.354049921035766602e-01
8.483474142849445343e-03
5.310550704598426819e-02
1.106217429041862488e-01
4.364391267299652100e-01
4.054022729396820068e-01
2.465530298650264740e-02
2.236706316471099854e-01
3.126741573214530945e-02
4.077750146389007568e-01
7.476329803466796875e-01
7.184354662895202637e-01
7.520290017127990723e-01
2.204764783382415771e-01
2.135621309280395508e-01
8.170060515403747559e-01
8.295703679323196411e-02
5.083681344985961914e-01
6.201909780502319336e-01
5.976611375808715820e-02
9.833967685699462891e-02
8.711448311805725098e-02
2.297544032335281372e-01
6.805135607719421387e-01
5.036146566271781921e-02
7.452338933944702148e-01
2.586418986320495605e-01
8.864449858665466309e-01
8.734595775604248047e-01
8.857883810997009277e-01
8.363315463066101074e-01
8.733233809471130371e-01
9.041364789009094238e-01
8.931946158409118652e-01
8.982828259468078613e-01
3.123643808066844940e-02
8.958401083946228027e-01
1.483872998505830765e-02
1.428638584911823273e-02
8.002852797508239746e-01
6.739085074514150620e-03
4.236492794007062912e-03
1.089487969875335693e-02
3.537352383136749268e-01
8.098957538604736328e-01
8.947857022285461426e-01
8.095434308052062988e-01
5.973002314567565918e-01
6.709030270576477051e-01
7.602148056030273438e-01
8.952928185462951660e-01
2.888122797012329102e-01
1.419813036918640137e-01
4.022004604339599609e-01
6.415826678276062012e-01
1.902172267436981201e-01
7.811298966407775879e-01
8.073369264602661133e-01
8.211996555328369141e-01
6.599151492118835449e-01
8.301345109939575195e-01
5.073264837265014648e-01
6.864230632781982422e-01
7.020602226257324219e-01
5.190697908401489258e-01
8.005521893501281738e-01
1.451373249292373657e-01
4.711469709873199463e-01
1.460451632738113403e-01
4.830910861492156982e-01
8.812268078327178955e-02
3.424080312252044678e-01
7.864584326744079590e-01
4.312660694122314453e-01
7.392627596855163574e-01
9.120939373970031738e-01
8.487831354141235352e-01
8.933068513870239258e-01
8.682282567024230957e-01
8.901052474975585938e-01
9.071611166000366211e-01
9.219088554382324219e-01
8.732253909111022949e-01
9.106358289718627930e-01
3.161634318530559540e-03
8.127750456333160400e-02
3.583956509828567505e-03
2.269103564321994781e-02
4.359421785920858383e-03
8.779800534248352051e-01
5.068902857601642609e-03
4.038174450397491455e-02
8.555766344070434570e-01
8.834283351898193359e-01
8.750184178352355957e-01
9.075312614440917969e-01
8.838211297988891602e-01
4.385015368461608887e-01
8.961033225059509277e-01
8.232313990592956543e-01
8.596867322921752930e-02
2.634334564208984375e-02
1.019317097961902618e-02
2.961509861052036285e-02
2.153175137937068939e-02
6.714151799678802490e-02
8.814756274223327637e-01
8.381887674331665039e-01
7.140346765518188477e-01
7.752957940101623535e-01
2.261279225349426270e-01
7.360785603523254395e-01
7.657248973846435547e-01
7.238967418670654297e-01
6.001761555671691895e-01
7.551105022430419922e-01
6.241024136543273926e-01
6.712909936904907227e-01
6.334793753921985626e-03
6.465223431587219238e-01
9.678152948617935181e-02
6.229927390813827515e-02
6.698364019393920898e-01
3.278597295284271240e-01
3.060558140277862549e-01
3.353040814399719238e-01
8.655810952186584473e-01
9.000362753868103027e-01
9.343357086181640625e-01
8.723909854888916016e-01
8.991681933403015137e-01
7.664097547531127930e-01
9.208201169967651367e-01
2.462645322084426880e-01
7.324615120887756348e-01
2.258969247341156006e-01
2.190538793802261353e-01
2.117653787136077881e-01
7.400483489036560059e-01
2.636611163616180420e-01
2.547838091850280762e-01
8.512954115867614746e-01
8.470339775085449219e-01
8.100874423980712891e-01
8.572601675987243652e-01
6.369043588638305664e-01
8.546259403228759766e-01
6.313344240188598633e-01
8.466875553131103516e-01
8.359986543655395508e-01
4.922474548220634460e-02
2.056326121091842651e-01
1.855359971523284912e-01
5.217968821525573730e-01
1.756754070520401001e-01
3.284998238086700439e-01
3.319492638111114502e-01
7.493779063224792480e-02
9.286326169967651367e-01
9.203412532806396484e-01
9.347457289695739746e-01
9.343979358673095703e-01
9.205486178398132324e-01
9.295643568038940430e-01
9.418731927871704102e-01
9.310421943664550781e-01
9.410377144813537598e-01
4.666347801685333252e-02
2.614373564720153809e-01
6.216272339224815369e-02
1.628324203193187714e-02
5.790286138653755188e-02
1.797029003500938416e-02
3.480124473571777344e-02
9.119988232851028442e-02
1.831152290105819702e-01
8.644073009490966797e-01
8.580831289291381836e-01
8.282337188720703125e-01
8.463593721389770508e-01
8.290405869483947754e-01
8.282337188720703125e-01
8.442729115486145020e-01
8.696501255035400391e-01
2.843938581645488739e-02
1.422835886478424072e-01
8.224204778671264648e-01
1.273751854896545410e-01
3.993680179119110107e-01
8.256534934043884277e-01
3.154922127723693848e-01
1.238874122500419617e-01
6.503225862979888916e-02
4.019071757793426514e-01
7.274109721183776855e-01
6.873404979705810547e-01
7.150575518608093262e-01
7.274109721183776855e-01
5.484761595726013184e-01
4.979249835014343262e-01
7.058596014976501465e-01
6.651491522789001465e-01
5.318791866302490234e-01
2.541534602642059326e-01
6.820203065872192383e-01
2.327730208635330200e-01
4.529508352279663086e-01
2.869764268398284912e-01
1.224775388836860657e-01
5.378609299659729004e-01
7.307320088148117065e-02
5.264950394630432129e-01
4.519473314285278320e-01
4.689537882804870605e-01
1.648417413234710693e-01
5.947520136833190918e-01
4.972776174545288086e-01
6.161016821861267090e-01
6.608615517616271973e-01
6.515700221061706543e-01
4.155586361885070801e-01
6.072656717151403427e-03
5.543335676193237305e-01
3.654689788818359375e-01
4.834058880805969238e-01
8.900807239115238190e-03
4.382628202438354492e-01
4.674540162086486816e-01
1.557309180498123169e-01
5.553330183029174805e-01
6.208404898643493652e-01
6.377209424972534180e-01
6.763611435890197754e-01
7.527953386306762695e-01
7.852618098258972168e-01
7.179571390151977539e-01
4.978746175765991211e-01
3.233984708786010742e-01
2.142636328935623169e-01
2.403458356857299805e-01
6.324892044067382812e-01
3.454452157020568848e-01
6.010001897811889648e-01
1.175770759582519531e-01
7.450900077819824219e-01
5.930422544479370117e-01
3.893387913703918457e-01
7.331229448318481445e-01
7.981028556823730469e-01
8.035252094268798828e-01
8.137072920799255371e-01
3.613050282001495361e-01
4.845128357410430908e-01
3.862887620925903320e-01
6.095339059829711914e-01
5.655961632728576660e-01
2.973358631134033203e-01
2.665382623672485352e-01
6.583881378173828125e-02
7.097535729408264160e-01
5.622118115425109863e-01
5.622118115425109863e-01
1.074778586626052856e-01
8.038447052240371704e-02
5.530962347984313965e-01
5.078557133674621582e-01
3.992502987384796143e-01
5.132150650024414062e-01
5.823029279708862305e-01
2.908189594745635986e-01
4.795657396316528320e-01
2.047221064567565918e-01
2.618321180343627930e-01
2.297637909650802612e-01
5.596367716789245605e-01
5.760471820831298828e-01
2.775433063507080078e-01
1.049112007021903992e-01
8.370800018310546875e-01
5.151551961898803711e-01
1.674105180427432060e-03
6.273786425590515137e-01
1.635015308856964111e-01
8.580672740936279297e-01
1.699756085872650146e-01
8.193787336349487305e-01
1.716628968715667725e-01
2.470022141933441162e-01
3.481673896312713623e-01
7.332996279001235962e-02
5.105422064661979675e-02
2.434725165367126465e-01
1.408821642398834229e-01
4.971479997038841248e-02
8.884598016738891602e-01
4.268332198262214661e-02
6.004016995429992676e-01
7.493919730186462402e-01
6.436989307403564453e-01
6.098980903625488281e-01
6.836113333702087402e-01
5.041988492012023926e-01
4.085822105407714844e-01
6.245048642158508301e-01
5.677230656147003174e-02
2.970805764198303223e-01
7.536502182483673096e-02
3.142745047807693481e-02
2.960245609283447266e-01
8.180099129676818848e-01
7.988322973251342773e-01
1.725642979145050049e-01
7.176190018653869629e-01
4.683465659618377686e-01
5.589866638183593750e-01
7.046805620193481445e-01
1.800330877304077148e-01
4.012013077735900879e-01
7.127792835235595703e-01
6.587889790534973145e-01
2.562309205532073975e-01
6.753810048103332520e-01
2.106065452098846436e-01
5.259708166122436523e-01
4.948061406612396240e-01
5.044163465499877930e-01
5.824915170669555664e-01
7.317952513694763184e-01
7.957171797752380371e-01
7.625980973243713379e-01
7.670830488204956055e-01
7.674310207366943359e-01
7.896798253059387207e-01
7.732050418853759766e-01
8.004834651947021484e-01
1.770470142364501953e-01
1.010251566767692566e-01
3.137401938438415527e-01
6.884372830390930176e-01
6.651935577392578125e-01
4.955154657363891602e-01
1.648233383893966675e-01
8.211193680763244629e-01
8.209306597709655762e-01
8.312313556671142578e-01
8.737371563911437988e-01
8.672645092010498047e-01
7.591767311096191406e-01
8.063672780990600586e-01
8.468409776687622070e-01
5.660207271575927734e-01
8.693876266479492188e-01
8.200467824935913086e-01
1.822215765714645386e-01
1.248476728796958923e-01
1.879961788654327393e-01
4.647905007004737854e-02
9.596945345401763916e-02
5.905247330665588379e-01
8.340029120445251465e-01
2.677052021026611328e-01
8.261721134185791016e-01
4.425806403160095215e-01
8.395720720291137695e-01
8.472964763641357422e-01
8.201120495796203613e-01
7.967833280563354492e-01
7.807596325874328613e-01
2.007278949022293091e-01
2.010025680065155029e-01
5.764171481132507324e-01
2.329967021942138672e-01
6.719253063201904297e-01
2.574266791343688965e-01
9.954071044921875000e-02
2.864176630973815918e-01
3.741211295127868652e-01
8.392429351806640625e-01
8.570939898490905762e-01
6.215420961380004883e-01
6.186066269874572754e-01
8.303622007369995117e-01
7.168492674827575684e-01
8.353119492530822754e-01
5.753586888313293457e-01
1.534010618925094604e-01
5.369711518287658691e-01
1.946822255849838257e-01
4.021015167236328125e-01
2.129665613174438477e-01
4.247569441795349121e-01
6.917932629585266113e-01
7.976728081703186035e-01
8.147131204605102539e-01
8.134163022041320801e-01
8.017104864120483398e-01
7.438649535179138184e-01
8.328335881233215332e-01
3.102675452828407288e-02
7.848155498504638672e-01
1.219609100371599197e-02
2.692783176898956299e-01
7.622522115707397461e-01
7.002158164978027344e-01
3.530381321907043457e-01
5.044164657592773438e-01
8.505920767784118652e-01
8.437550663948059082e-01
8.661920428276062012e-01
6.735404729843139648e-01
7.187818288803100586e-01
8.794032335281372070e-01
7.978966236114501953e-01
8.399609923362731934e-01
1.029773280024528503e-01
1.519441604614257812e-01
1.172637045383453369e-01
1.117063984274864197e-01
6.236519664525985718e-02
1.204392593353986740e-02
1.988820731639862061e-02
8.583047389984130859e-01
7.084941118955612183e-02
